######################### RICH Reconstruction PMs indexed positions #######################
#PMPosition: NPMs (starting from 0, grouped by 8, x y couples)
PMPosition_SC_0= -261.00 93.53 -243.00 93.53 -225.00 93.53 -252.00 109.12 -234.00 109.12 -261.00 124.71 -243.00 124.71 -225.00 124.71
PMPosition_SC_1= -216.00 77.94 -198.00 77.94 -180.00 77.94 -207.00 93.53 -189.00 93.53 -216.00 109.12 -198.00 109.12 -180.00 109.12
PMPosition_SC_2= -171.00 62.35 -153.00 62.35 -135.00 62.35 -162.00 77.94 -144.00 77.94 -171.00 93.53 -153.00 93.53 -135.00 93.53
PMPosition_SC_3= -126.00 46.77 -108.00 46.77 -90.00 46.77 -117.00 62.35 -99.00 62.35 -126.00 77.94 -108.00 77.94 -90.00 77.94
PMPosition_SC_4= -81.00 31.18 -63.00 31.18 -45.00 31.18 -72.00 46.77 -54.00 46.77 -81.00 62.35 -63.00 62.35 -45.00 62.35
PMPosition_SC_5= -36.00 15.59 -18.00 15.59 0.00 15.59 -27.00 31.18 -9.00 31.18 -36.00 46.77 -18.00 46.77 0.00 46.77
PMPosition_SC_6= 9.00 0.00 27.00 0.00 45.00 0.00 18.00 15.59 36.00 15.59 9.00 31.18 27.00 31.18 45.00 31.18
PMPosition_SC_7= 54.00 -15.59 72.00 -15.59 90.00 -15.59 63.00 0.00 81.00 0.00 54.00 15.59 72.00 15.59 90.00 15.59
PMPosition_SC_8= 99.00 -31.18 117.00 -31.18 135.00 -31.18 108.00 -15.59 126.00 -15.59 99.00 0.00 117.00 0.00 135.00 0.00
PMPosition_SC_9= 144.00 -46.77 162.00 -46.77 180.00 -46.77 153.00 -31.18 171.00 -31.18 144.00 -15.59 162.00 -15.59 180.00 -15.59
PMPosition_SC_10= 189.00 -62.35 207.00 -62.35 225.00 -62.35 198.00 -46.77 216.00 -46.77 189.00 -31.18 207.00 -31.18 225.00 -31.18
PMPosition_SC_11= 234.00 -77.94 252.00 -77.94 270.00 -77.94 243.00 -62.35 261.00 -62.35 234.00 -46.77 252.00 -46.77 270.00 -46.77
PMPosition_SC_12= -252.00 140.30 -234.00 140.30 -216.00 140.30 -243.00 155.88 -225.00 155.88 -252.00 171.47 -234.00 171.47 -216.00 171.47
PMPosition_SC_13= -207.00 124.71 -189.00 124.71 -171.00 124.71 -198.00 140.30 -180.00 140.30 -207.00 155.88 -189.00 155.88 -171.00 155.88
PMPosition_SC_14= -162.00 109.12 -144.00 109.12 -126.00 109.12 -153.00 124.71 -135.00 124.71 -162.00 140.30 -144.00 140.30 -126.00 140.30
PMPosition_SC_15= -117.00 93.53 -99.00 93.53 -81.00 93.53 -108.00 109.12 -90.00 109.12 -117.00 124.71 -99.00 124.71 -81.00 124.71
PMPosition_SC_16= -72.00 77.94 -54.00 77.94 -36.00 77.94 -63.00 93.53 -45.00 93.53 -72.00 109.12 -54.00 109.12 -36.00 109.12
PMPosition_SC_17= -27.00 62.35 -9.00 62.35 9.00 62.35 -18.00 77.94 0.00 77.94 -27.00 93.53 -9.00 93.53 9.00 93.53
PMPosition_SC_18= 18.00 46.77 36.00 46.77 54.00 46.77 27.00 62.35 45.00 62.35 18.00 77.94 36.00 77.94 54.00 77.94
PMPosition_SC_19= 63.00 31.18 81.00 31.18 99.00 31.18 72.00 46.77 90.00 46.77 63.00 62.35 81.00 62.35 99.00 62.35
PMPosition_SC_20= 108.00 15.59 126.00 15.59 144.00 15.59 117.00 31.18 135.00 31.18 108.00 46.77 126.00 46.77 144.00 46.77
PMPosition_SC_21= 153.00 0.00 171.00 0.00 189.00 0.00 162.00 15.59 180.00 15.59 153.00 31.18 171.00 31.18 189.00 31.18
PMPosition_SC_22= 198.00 -15.59 216.00 -15.59 234.00 -15.59 207.00 0.00 225.00 0.00 198.00 15.59 216.00 15.59 234.00 15.59
PMPosition_SC_23= 243.00 -31.18 261.00 -31.18 279.00 -31.18 252.00 -15.59 270.00 -15.59 243.00 0.00 261.00 0.00 279.00 0.00
PMPosition_SC_24= -198.00 171.47 -180.00 171.47 -162.00 171.47 -189.00 187.06 -171.00 187.06 -198.00 202.65 -180.00 202.65 -162.00 202.65
PMPosition_SC_25= -153.00 155.88 -135.00 155.88 -117.00 155.88 -144.00 171.47 -126.00 171.47 -153.00 187.06 -135.00 187.06 -117.00 187.06
PMPosition_SC_26= -108.00 140.30 -90.00 140.30 -72.00 140.30 -99.00 155.88 -81.00 155.88 -108.00 171.47 -90.00 171.47 -72.00 171.47
PMPosition_SC_27= -63.00 124.71 -45.00 124.71 -27.00 124.71 -54.00 140.30 -36.00 140.30 -63.00 155.88 -45.00 155.88 -27.00 155.88
PMPosition_SC_28= -18.00 109.12 0.00 109.12 18.00 109.12 -9.00 124.71 9.00 124.71 -18.00 140.30 0.00 140.30 18.00 140.30
PMPosition_SC_29= 27.00 93.53 45.00 93.53 63.00 93.53 36.00 109.12 54.00 109.12 27.00 124.71 45.00 124.71 63.00 124.71
PMPosition_SC_30= 72.00 77.94 90.00 77.94 108.00 77.94 81.00 93.53 99.00 93.53 72.00 109.12 90.00 109.12 108.00 109.12
PMPosition_SC_31= 117.00 62.35 135.00 62.35 153.00 62.35 126.00 77.94 144.00 77.94 117.00 93.53 135.00 93.53 153.00 93.53
PMPosition_SC_32= 162.00 46.77 180.00 46.77 198.00 46.77 171.00 62.35 189.00 62.35 162.00 77.94 180.00 77.94 198.00 77.94
PMPosition_SC_33= 207.00 31.18 225.00 31.18 243.00 31.18 216.00 46.77 234.00 46.77 207.00 62.35 225.00 62.35 243.00 62.35
PMPosition_SC_34= 252.00 15.59 270.00 15.59 288.00 15.59 261.00 31.18 279.00 31.18 252.00 46.77 270.00 46.77 288.00 46.77
PMPosition_SC_35= -189.00 218.24 -171.00 218.24 -153.00 218.24 -180.00 233.83 -162.00 233.83 -189.00 249.42 -171.00 249.42 -153.00 249.42
PMPosition_SC_36= -144.00 202.65 -126.00 202.65 -108.00 202.65 -135.00 218.24 -117.00 218.24 -144.00 233.83 -126.00 233.83 -108.00 233.83
PMPosition_SC_37= -99.00 187.06 -81.00 187.06 -63.00 187.06 -90.00 202.65 -72.00 202.65 -99.00 218.24 -81.00 218.24 -63.00 218.24
PMPosition_SC_38= -54.00 171.47 -36.00 171.47 -18.00 171.47 -45.00 187.06 -27.00 187.06 -54.00 202.65 -36.00 202.65 -18.00 202.65
PMPosition_SC_39= -9.00 155.88 9.00 155.88 27.00 155.88 0.00 171.47 18.00 171.47 -9.00 187.06 9.00 187.06 27.00 187.06
PMPosition_SC_40= 36.00 140.30 54.00 140.30 72.00 140.30 45.00 155.88 63.00 155.88 36.00 171.47 54.00 171.47 72.00 171.47
PMPosition_SC_41= 81.00 124.71 99.00 124.71 117.00 124.71 90.00 140.30 108.00 140.30 81.00 155.88 99.00 155.88 117.00 155.88
PMPosition_SC_42= 126.00 109.12 144.00 109.12 162.00 109.12 135.00 124.71 153.00 124.71 126.00 140.30 144.00 140.30 162.00 140.30
PMPosition_SC_43= 171.00 93.53 189.00 93.53 207.00 93.53 180.00 109.12 198.00 109.12 171.00 124.71 189.00 124.71 207.00 124.71
PMPosition_SC_44= 216.00 77.94 234.00 77.94 252.00 77.94 225.00 93.53 243.00 93.53 216.00 109.12 234.00 109.12 252.00 109.12
PMPosition_SC_45= 261.00 62.35 279.00 62.35 297.00 62.35 270.00 77.94 288.00 77.94 261.00 93.53 279.00 93.53 297.00 93.53
PMPosition_SC_46= -135.00 249.42 -117.00 249.42 -99.00 249.42 -126.00 265.00 -108.00 265.00 -135.00 280.59 -117.00 280.59 -99.00 280.59
PMPosition_SC_47= -90.00 233.83 -72.00 233.83 -54.00 233.83 -81.00 249.42 -63.00 249.42 -90.00 265.00 -72.00 265.00 -54.00 265.00
PMPosition_SC_48= -45.00 218.24 -27.00 218.24 -9.00 218.24 -36.00 233.83 -18.00 233.83 -45.00 249.42 -27.00 249.42 -9.00 249.42
PMPosition_SC_49= 0.00 202.65 18.00 202.65 36.00 202.65 9.00 218.24 27.00 218.24 0.00 233.83 18.00 233.83 36.00 233.83
PMPosition_SC_50= 45.00 187.06 63.00 187.06 81.00 187.06 54.00 202.65 72.00 202.65 45.00 218.24 63.00 218.24 81.00 218.24
PMPosition_SC_51= 90.00 171.47 108.00 171.47 126.00 171.47 99.00 187.06 117.00 187.06 90.00 202.65 108.00 202.65 126.00 202.65
PMPosition_SC_52= 135.00 155.88 153.00 155.88 171.00 155.88 144.00 171.47 162.00 171.47 135.00 187.06 153.00 187.06 171.00 187.06
PMPosition_SC_53= 180.00 140.30 198.00 140.30 216.00 140.30 189.00 155.88 207.00 155.88 180.00 171.47 198.00 171.47 216.00 171.47
PMPosition_SC_54= 225.00 124.71 243.00 124.71 261.00 124.71 234.00 140.30 252.00 140.30 225.00 155.88 243.00 155.88 261.00 155.88
PMPosition_SC_55= -36.00 265.00 -18.00 265.00 0.00 265.00 -27.00 280.59 -9.00 280.59 -36.00 296.18 -18.00 296.18 0.00 296.18
PMPosition_SC_56= 9.00 249.42 27.00 249.42 45.00 249.42 18.00 265.00 36.00 265.00 9.00 280.59 27.00 280.59 45.00 280.59
PMPosition_SC_57= 54.00 233.83 72.00 233.83 90.00 233.83 63.00 249.42 81.00 249.42 54.00 265.00 72.00 265.00 90.00 265.00
PMPosition_SC_58= 99.00 218.24 117.00 218.24 135.00 218.24 108.00 233.83 126.00 233.83 99.00 249.42 117.00 249.42 135.00 249.42
PMPosition_SC_59= 144.00 202.65 162.00 202.65 180.00 202.65 153.00 218.24 171.00 218.24 144.00 233.83 162.00 233.83 180.00 233.83
PMPosition_SC_60= 189.00 187.06 207.00 187.06 225.00 187.06 198.00 202.65 216.00 202.65 189.00 218.24 207.00 218.24 225.00 218.24
PMPosition_SC_61= -270.00 46.77 -252.00 46.77 -234.00 46.77 -261.00 62.35 -243.00 62.35 -270.00 77.94 -252.00 77.94 -234.00 77.94
PMPosition_SC_62= -225.00 31.18 -207.00 31.18 -189.00 31.18 -216.00 46.77 -198.00 46.77 -225.00 62.35 -207.00 62.35 -189.00 62.35
PMPosition_SC_63= -180.00 15.59 -162.00 15.59 -144.00 15.59 -171.00 31.18 -153.00 31.18 -180.00 46.77 -162.00 46.77 -144.00 46.77
PMPosition_SC_64= -135.00 0.00 -117.00 0.00 -99.00 0.00 -126.00 15.59 -108.00 15.59 -135.00 31.18 -117.00 31.18 -99.00 31.18
PMPosition_SC_65= -90.00 -15.59 -72.00 -15.59 -54.00 -15.59 -81.00 0.00 -63.00 0.00 -90.00 15.59 -72.00 15.59 -54.00 15.59
PMPosition_SC_66= -45.00 -31.18 -27.00 -31.18 -9.00 -31.18 -36.00 -15.59 -18.00 -15.59 -45.00 0.00 -27.00 0.00 -9.00 0.00
PMPosition_SC_67= 0.00 -46.77 18.00 -46.77 36.00 -46.77 9.00 -31.18 27.00 -31.18 0.00 -15.59 18.00 -15.59 36.00 -15.59
PMPosition_SC_68= 45.00 -62.35 63.00 -62.35 81.00 -62.35 54.00 -46.77 72.00 -46.77 45.00 -31.18 63.00 -31.18 81.00 -31.18
PMPosition_SC_69= 90.00 -77.94 108.00 -77.94 126.00 -77.94 99.00 -62.35 117.00 -62.35 90.00 -46.77 108.00 -46.77 126.00 -46.77
PMPosition_SC_70= 135.00 -93.53 153.00 -93.53 171.00 -93.53 144.00 -77.94 162.00 -77.94 135.00 -62.35 153.00 -62.35 171.00 -62.35
PMPosition_SC_71= 180.00 -109.12 198.00 -109.12 216.00 -109.12 189.00 -93.53 207.00 -93.53 180.00 -77.94 198.00 -77.94 216.00 -77.94
PMPosition_SC_72= 225.00 -124.71 243.00 -124.71 261.00 -124.71 234.00 -109.12 252.00 -109.12 225.00 -93.53 243.00 -93.53 261.00 -93.53
PMPosition_SC_73= -279.00 0.00 -261.00 0.00 -243.00 0.00 -270.00 15.59 -252.00 15.59 -279.00 31.18 -261.00 31.18 -243.00 31.18
PMPosition_SC_74= -234.00 -15.59 -216.00 -15.59 -198.00 -15.59 -225.00 0.00 -207.00 0.00 -234.00 15.59 -216.00 15.59 -198.00 15.59
PMPosition_SC_75= -189.00 -31.18 -171.00 -31.18 -153.00 -31.18 -180.00 -15.59 -162.00 -15.59 -189.00 0.00 -171.00 0.00 -153.00 0.00
PMPosition_SC_76= -144.00 -46.77 -126.00 -46.77 -108.00 -46.77 -135.00 -31.18 -117.00 -31.18 -144.00 -15.59 -126.00 -15.59 -108.00 -15.59
PMPosition_SC_77= -99.00 -62.35 -81.00 -62.35 -63.00 -62.35 -90.00 -46.77 -72.00 -46.77 -99.00 -31.18 -81.00 -31.18 -63.00 -31.18
PMPosition_SC_78= -54.00 -77.94 -36.00 -77.94 -18.00 -77.94 -45.00 -62.35 -27.00 -62.35 -54.00 -46.77 -36.00 -46.77 -18.00 -46.77
PMPosition_SC_79= -9.00 -93.53 9.00 -93.53 27.00 -93.53 0.00 -77.94 18.00 -77.94 -9.00 -62.35 9.00 -62.35 27.00 -62.35
PMPosition_SC_80= 36.00 -109.12 54.00 -109.12 72.00 -109.12 45.00 -93.53 63.00 -93.53 36.00 -77.94 54.00 -77.94 72.00 -77.94
PMPosition_SC_81= 81.00 -124.71 99.00 -124.71 117.00 -124.71 90.00 -109.12 108.00 -109.12 81.00 -93.53 99.00 -93.53 117.00 -93.53
PMPosition_SC_82= 126.00 -140.30 144.00 -140.30 162.00 -140.30 135.00 -124.71 153.00 -124.71 126.00 -109.12 144.00 -109.12 162.00 -109.12
PMPosition_SC_83= 171.00 -155.88 189.00 -155.88 207.00 -155.88 180.00 -140.30 198.00 -140.30 171.00 -124.71 189.00 -124.71 207.00 -124.71
PMPosition_SC_84= 216.00 -171.47 234.00 -171.47 252.00 -171.47 225.00 -155.88 243.00 -155.88 216.00 -140.30 234.00 -140.30 252.00 -140.30
PMPosition_SC_85= -288.00 -46.77 -270.00 -46.77 -252.00 -46.77 -279.00 -31.18 -261.00 -31.18 -288.00 -15.59 -270.00 -15.59 -252.00 -15.59
PMPosition_SC_86= -243.00 -62.35 -225.00 -62.35 -207.00 -62.35 -234.00 -46.77 -216.00 -46.77 -243.00 -31.18 -225.00 -31.18 -207.00 -31.18
PMPosition_SC_87= -198.00 -77.94 -180.00 -77.94 -162.00 -77.94 -189.00 -62.35 -171.00 -62.35 -198.00 -46.77 -180.00 -46.77 -162.00 -46.77
PMPosition_SC_88= -153.00 -93.53 -135.00 -93.53 -117.00 -93.53 -144.00 -77.94 -126.00 -77.94 -153.00 -62.35 -135.00 -62.35 -117.00 -62.35
PMPosition_SC_89= -108.00 -109.12 -90.00 -109.12 -72.00 -109.12 -99.00 -93.53 -81.00 -93.53 -108.00 -77.94 -90.00 -77.94 -72.00 -77.94
PMPosition_SC_90= -63.00 -124.71 -45.00 -124.71 -27.00 -124.71 -54.00 -109.12 -36.00 -109.12 -63.00 -93.53 -45.00 -93.53 -27.00 -93.53
PMPosition_SC_91= -18.00 -140.30 0.00 -140.30 18.00 -140.30 -9.00 -124.71 9.00 -124.71 -18.00 -109.12 0.00 -109.12 18.00 -109.12
PMPosition_SC_92= 27.00 -155.88 45.00 -155.88 63.00 -155.88 36.00 -140.30 54.00 -140.30 27.00 -124.71 45.00 -124.71 63.00 -124.71
PMPosition_SC_93= 72.00 -171.47 90.00 -171.47 108.00 -171.47 81.00 -155.88 99.00 -155.88 72.00 -140.30 90.00 -140.30 108.00 -140.30
PMPosition_SC_94= 117.00 -187.06 135.00 -187.06 153.00 -187.06 126.00 -171.47 144.00 -171.47 117.00 -155.88 135.00 -155.88 153.00 -155.88
PMPosition_SC_95= 162.00 -202.65 180.00 -202.65 198.00 -202.65 171.00 -187.06 189.00 -187.06 162.00 -171.47 180.00 -171.47 198.00 -171.47
PMPosition_SC_96= -297.00 -93.53 -279.00 -93.53 -261.00 -93.53 -288.00 -77.94 -270.00 -77.94 -297.00 -62.35 -279.00 -62.35 -261.00 -62.35
PMPosition_SC_97= -252.00 -109.12 -234.00 -109.12 -216.00 -109.12 -243.00 -93.53 -225.00 -93.53 -252.00 -77.94 -234.00 -77.94 -216.00 -77.94
PMPosition_SC_98= -207.00 -124.71 -189.00 -124.71 -171.00 -124.71 -198.00 -109.12 -180.00 -109.12 -207.00 -93.53 -189.00 -93.53 -171.00 -93.53
PMPosition_SC_99= -162.00 -140.30 -144.00 -140.30 -126.00 -140.30 -153.00 -124.71 -135.00 -124.71 -162.00 -109.12 -144.00 -109.12 -126.00 -109.12
PMPosition_SC_100= -117.00 -155.88 -99.00 -155.88 -81.00 -155.88 -108.00 -140.30 -90.00 -140.30 -117.00 -124.71 -99.00 -124.71 -81.00 -124.71
PMPosition_SC_101= -72.00 -171.47 -54.00 -171.47 -36.00 -171.47 -63.00 -155.88 -45.00 -155.88 -72.00 -140.30 -54.00 -140.30 -36.00 -140.30
PMPosition_SC_102= -27.00 -187.06 -9.00 -187.06 9.00 -187.06 -18.00 -171.47 0.00 -171.47 -27.00 -155.88 -9.00 -155.88 9.00 -155.88
PMPosition_SC_103= 18.00 -202.65 36.00 -202.65 54.00 -202.65 27.00 -187.06 45.00 -187.06 18.00 -171.47 36.00 -171.47 54.00 -171.47
PMPosition_SC_104= 63.00 -218.24 81.00 -218.24 99.00 -218.24 72.00 -202.65 90.00 -202.65 63.00 -187.06 81.00 -187.06 99.00 -187.06
PMPosition_SC_105= 108.00 -233.83 126.00 -233.83 144.00 -233.83 117.00 -218.24 135.00 -218.24 108.00 -202.65 126.00 -202.65 144.00 -202.65
PMPosition_SC_106= 153.00 -249.42 171.00 -249.42 189.00 -249.42 162.00 -233.83 180.00 -233.83 153.00 -218.24 171.00 -218.24 189.00 -218.24
PMPosition_SC_107= -261.00 -155.88 -243.00 -155.88 -225.00 -155.88 -252.00 -140.30 -234.00 -140.30 -261.00 -124.71 -243.00 -124.71 -225.00 -124.71
PMPosition_SC_108= -216.00 -171.47 -198.00 -171.47 -180.00 -171.47 -207.00 -155.88 -189.00 -155.88 -216.00 -140.30 -198.00 -140.30 -180.00 -140.30
PMPosition_SC_109= -171.00 -187.06 -153.00 -187.06 -135.00 -187.06 -162.00 -171.47 -144.00 -171.47 -171.00 -155.88 -153.00 -155.88 -135.00 -155.88
PMPosition_SC_110= -126.00 -202.65 -108.00 -202.65 -90.00 -202.65 -117.00 -187.06 -99.00 -187.06 -126.00 -171.47 -108.00 -171.47 -90.00 -171.47
PMPosition_SC_111= -81.00 -218.24 -63.00 -218.24 -45.00 -218.24 -72.00 -202.65 -54.00 -202.65 -81.00 -187.06 -63.00 -187.06 -45.00 -187.06
PMPosition_SC_112= -36.00 -233.83 -18.00 -233.83 0.00 -233.83 -27.00 -218.24 -9.00 -218.24 -36.00 -202.65 -18.00 -202.65 0.00 -202.65
PMPosition_SC_113= 9.00 -249.42 27.00 -249.42 45.00 -249.42 18.00 -233.83 36.00 -233.83 9.00 -218.24 27.00 -218.24 45.00 -218.24
PMPosition_SC_114= 54.00 -265.00 72.00 -265.00 90.00 -265.00 63.00 -249.42 81.00 -249.42 54.00 -233.83 72.00 -233.83 90.00 -233.83
PMPosition_SC_115= 99.00 -280.59 117.00 -280.59 135.00 -280.59 108.00 -265.00 126.00 -265.00 99.00 -249.42 117.00 -249.42 135.00 -249.42
PMPosition_SC_116= -225.00 -218.24 -207.00 -218.24 -189.00 -218.24 -216.00 -202.65 -198.00 -202.65 -225.00 -187.06 -207.00 -187.06 -189.00 -187.06
PMPosition_SC_117= -180.00 -233.83 -162.00 -233.83 -144.00 -233.83 -171.00 -218.24 -153.00 -218.24 -180.00 -202.65 -162.00 -202.65 -144.00 -202.65
PMPosition_SC_118= -135.00 -249.42 -117.00 -249.42 -99.00 -249.42 -126.00 -233.83 -108.00 -233.83 -135.00 -218.24 -117.00 -218.24 -99.00 -218.24
PMPosition_SC_119= -90.00 -265.00 -72.00 -265.00 -54.00 -265.00 -81.00 -249.42 -63.00 -249.42 -90.00 -233.83 -72.00 -233.83 -54.00 -233.83
PMPosition_SC_120= -45.00 -280.59 -27.00 -280.59 -9.00 -280.59 -36.00 -265.00 -18.00 -265.00 -45.00 -249.42 -27.00 -249.42 -9.00 -249.42
PMPosition_SC_121= 0.00 -296.18 18.00 -296.18 36.00 -296.18 9.00 -280.59 27.00 -280.59 0.00 -265.00 18.00 -265.00 36.00 -265.00

######################## RICH Reconstruction SCs indexed positions ########################
#SCPosition: NPMs (starting from 0, grouped by 2, x y couples)  
SCPosition_SC_0=   -243  109.119  -198  93.5307
SCPosition_SC_1=   -153  77.9423  -108  62.3538
SCPosition_SC_2=   -63  46.7654  -18  31.1769
SCPosition_SC_3=   27  15.5885  72  0
SCPosition_SC_4=   117  -15.5885  162  -31.1769
SCPosition_SC_5=   207  -46.7654  252  -62.3538
SCPosition_SC_6=   -234  155.885  -189  140.296
SCPosition_SC_7=   -144  124.708  -99  109.119
SCPosition_SC_8=   -54  93.5307  -9  77.9423
SCPosition_SC_9=   36  62.3538  81  46.7654
SCPosition_SC_10=  126  31.1769  171  15.5885
SCPosition_SC_11=  216  0  261  -15.5885
SCPosition_SC_12=  -180  187.061  -135  171.473
SCPosition_SC_13=  -90  155.885  -45  140.296
SCPosition_SC_14=  0  124.708  45  109.119
SCPosition_SC_15=  90  93.5307  135  77.9423
SCPosition_SC_16=  180  62.3538  225  46.7654
SCPosition_SC_17=  270  31.1769  -171  233.827
SCPosition_SC_18=  -126  218.238  -81  202.65
SCPosition_SC_19=  -36  187.061  9  171.473
SCPosition_SC_20=  54  155.885  99  140.296
SCPosition_SC_21=  144  124.708  189  109.119
SCPosition_SC_22=  234  93.5307  279  77.9423
SCPosition_SC_23=  -117  265.004  -72  249.415
SCPosition_SC_24=  -27  233.827  18  218.238
SCPosition_SC_25=  63  202.65  108  187.061
SCPosition_SC_26=  153  171.473  198  155.885
SCPosition_SC_27=  243  140.296  -18  280.592
SCPosition_SC_28=  27  265.004  72  249.415
SCPosition_SC_29=  117  233.827  162  218.238
SCPosition_SC_30=  207  202.65  -252  62.3538
SCPosition_SC_31=  -207  46.7654  -162  31.1769
SCPosition_SC_32=  -117  15.5885  -72  0
SCPosition_SC_33=  -27  -15.5885  18  -31.1769
SCPosition_SC_34=  63  -46.7654  108  -62.3538
SCPosition_SC_35=  153  -77.9423  198  -93.5307
SCPosition_SC_36=  243  -109.119  -261  15.5885
SCPosition_SC_37=  -216  0  -171  -15.5885
SCPosition_SC_38=  -126  -31.1769  -81  -46.7654
SCPosition_SC_39=  -36  -62.3538  9  -77.9423
SCPosition_SC_40=  54  -93.5307  99  -109.119
SCPosition_SC_41=  144  -124.708  189  -140.296
SCPosition_SC_42=  234  -155.885  -270  -31.1769
SCPosition_SC_43=  -225  -46.7654  -180  -62.3538
SCPosition_SC_44=  -135  -77.9423  -90  -93.5307
SCPosition_SC_45=  -45  -109.119  0  -124.708
SCPosition_SC_46=  45  -140.296  90  -155.885
SCPosition_SC_47=  135  -171.473  180  -187.061
SCPosition_SC_48=  -279  -77.9423  -234  -93.5307
SCPosition_SC_49=  -189  -109.119  -144  -124.708
SCPosition_SC_50=  -99  -140.296  -54  -155.885
SCPosition_SC_51=  -9  -171.473  36  -187.061
SCPosition_SC_52=  81  -202.65  126  -218.238
SCPosition_SC_53=  171  -233.827  -243  -140.296
SCPosition_SC_54=  -198  -155.885  -153  -171.473
SCPosition_SC_55=  -108  -187.061  -63  -202.65
SCPosition_SC_56=  -18  -218.238  27  -233.827
SCPosition_SC_57=  72  -249.415  117  -265.004
SCPosition_SC_58=  -207  -202.65  -162  -218.238
SCPosition_SC_59=  -117  -233.827  -72  -249.415
SCPosition_SC_60=  -27  -265.004  18  -280.592 
